4
66.7455
34.9176
23.3366
17.4791
14.0163
12.3017
10.1209
8.95257
8.08878
7.33595
6.70884
6.10663
5.70665
5.31046
5.18421
5.07051
4.62361
4.39488
4.11569
4.0413
3.80247
3.65548
3.4534
3.12848
3.30003
3.1189
3.05228
2.97281
2.87876
2.87231
2.69967
2.62725
2.63707
2.54177
2.38561
2.32037
2.38172
2.24176
2.23873
2.20913
2.07623
2.14856
2.01071
1.90961
1.86862
1.92238
1.94581
1.8759
1.79366
1.80854
1.78343
1.78867
1.69853
1.66739
1.5223
1.573
1.5861
1.53869
1.53829
1.51264
1.54214
1.52459
1.47102
1.5102
1.47469
1.40126
1.50114
1.44344
1.49843
1.41441
1.46396
1.3808
1.39083
1.31177
1.29682
1.36218
1.32085
1.26461
1.38119
1.26391
1.29447
1.27949
1.23841
1.28801
1.29152
1.21577
1.25562
1.18244
1.24927
1.25307
1.2112
1.22359
1.20819
1.20324
1.20499
1.18424
1.19
1.15406
1.18059
1.23109
1.12117
1.11607
1.11439
1.1037
1.14571
1.17257
1.12037
1.05028
1.07089
1.09554
1.06788
1.09999
1.01134
1.09115
1.03777
1.00875
1.04664
1.04353
1.09688
1.06178
1.04111
1.07898
1.01665
1.05988
1.0023
1.01997
1.03168
0.970467
0.993157
0.948948
0.995504
0.994094
0.972877
0.992171
0.986998
0.996273
0.962496
0.962995
0.948089
0.964889
0.971012
1.01618
0.906645
0.946192
0.97045
0.933569
0.947873
0.92946
0.933759
0.989018
0.973806
0.95899
0.912763
0.938504
0.903555
0.930966
0.910246
0.96231
0.910969
0.926509
0.911246
0.862527
0.895071
0.948347
0.921616
0.888546
0.918128
0.937002
0.831868
0.911337
0.91701
0.846169
0.929142
0.905173
0.937757
0.879792
0.861543
0.898164
0.852838
0.822028
0.865491
0.850083
0.863914
0.873911
0.895572
0.87516
0.8908
0.852667
0.838829
0.873841
0.825164
0.849699
0.855573
0.85996
0.887437
0.866187
0.844325
0.831131
0.839183
0.843696
0.812595
0.828926
0.847326
0.813822
0.843005
0.860338
0.934122
0.854533
0.805403
0.813712
0.812389
0.88472
0.985406
0.825819
0.88461
0.83147
0.886864
0.863075
0.829127
0.843343
0.901688
0.886535
0.835891
0.891299
0.866109
0.901794
0.774864
0.83661
0.749644
0.840528
0.89205
0.803866
0.791781
0.775474
0.796896
0.781431
0.821161
0.830254
0.906301
0.850949
0.866053
0.85749
0.793405
0.821649
0.861964
0.878806
0.834293
0.871449
0.774711
0.796844
0.862716
0.856313
0.849129
0.839307
0.803064
0.903762
0.837046
0.907468
0.831882
0.878286
0.758302
0.787503
0.812786
0.765437
0.956652
0.91702
0.949781
0.813053
0.880487
0.795996
0.811246
0.810674
____________________________\n
5
120.248
61.71
42.7985
31.7456
27.0349
22.8128
19.8921
16.9124
16.9657
15.2085
13.8874
12.8333
11.7943
11.121
10.471
9.62685
9.50688
8.87347
9.91274
9.43715
8.88143
8.6854
8.13732
7.84621
7.56073
7.22612
7.09646
6.77525
6.57007
6.45033
6.15861
6.02718
5.88646
5.77951
5.58447
5.41517
5.36867
5.3025
5.19019
4.88261
4.89311
4.78544
5.93578
5.73262
5.60103
5.45585
5.33904
5.29727
5.07587
5.22685
4.85206
5.03553
4.82722
4.64874
4.69645
4.47274
4.47172
4.54252
4.42338
4.36437
4.27191
4.08848
4.05544
4.11904
3.98237
3.97414
3.975
3.93177
3.82596
3.78967
3.86757
3.86957
3.85211
3.8458
3.81709
3.82593
3.77693
3.75269
3.65514
3.65819
3.5033
3.57509
3.47763
3.53547
3.57546
3.50509
3.49521
3.40856
3.47036
3.38051
3.41936
3.33994
3.40377
3.3709
3.3494
3.38127
3.3188
3.33471
3.27097
3.29484
3.2742
3.16484
3.26293
3.16892
3.19599
3.19717
3.04422
3.14267
3.11779
3.13248
3.10754
3.03708
3.01465
3.0287
2.94292
3.02449
2.97431
3.04069
3.02783
2.91623
2.98258
3.02362
2.98217
2.9152
2.96441
2.82398
2.91704
3.98437
4.00998
3.87767
3.921
3.88307
4.09766
3.86571
3.90491
4.01611
3.96899
3.76386
3.90158
3.99604
4.04458
3.96168
3.83821
3.86443
3.82496
3.84007
3.86419
3.87443
3.86425
3.95003
3.88387
3.87546
3.90973
3.95004
3.8214
3.87206
3.85124
3.77366
3.83503
3.86124
3.86919
3.78437
3.94315
3.86296
3.78279
3.73092
3.82153
3.81934
3.90129
3.77826
3.75124
3.84156
3.90811
3.75647
3.7576
3.93345
3.96215
3.84541
3.84138
3.83662
3.91738
3.81898
3.8227
3.81475
3.90308
3.7893
3.71407
3.78192
3.78508
3.78031
3.73666
3.81185
3.73115
3.83331
3.74426
3.76655
3.73424
3.80357
3.76149
3.71691
3.6733
3.69668
3.76289
3.67555
3.67529
3.8317
3.64325
3.67024
3.64256
3.62511
3.71489
3.60662
3.75744
3.62691
3.61753
3.57021
3.66029
3.5672
3.61714
3.62495
3.64891
3.64764
3.608
3.60937
3.67234
3.65633
3.63837
3.63176
3.58188
3.58186
3.57593
3.58819
3.64732
3.52692
3.58815
3.58407
3.48277
3.52107
3.60748
3.6493
3.52332
3.55998
3.5634
3.5807
3.48367
3.60127
3.54833
3.4499
3.48001
3.5578
3.58035
3.54238
3.5211
3.48389
3.35439
3.43779
3.45109
3.3697
3.36177
3.40784
3.41055
3.40834
3.46313
3.41145
3.4779
3.41682
3.38418
3.44573
3.39236
3.41385
3.35382
3.32458
____________________________\n
6
116.571
62.5453
44.1095
32.843
28.275
24.7611
21.0772
18.2185
18.2124
16.5071
15.2844
14.0352
13.1968
12.8926
11.8536
11.2943
10.54
10.6158
11.1737
10.9062
10.3908
10.0893
9.8494
9.46341
9.34753
9.04042
8.87078
8.78072
8.51417
8.37454
8.29076
8.41448
7.99561
7.88647
7.7961
7.68638
7.46469
7.36244
7.29215
7.26898
7.02735
6.98967
8.02073
8.07671
7.89039
7.83973
7.73188
7.47557
7.55411
7.30362
7.35209
7.23483
7.14525
7.0944
6.96206
7.01607
6.82129
6.89913
6.70308
6.79989
6.65862
6.71299
6.59664
6.54334
6.38552
6.44031
6.42447
6.41846
6.25118
6.26515
6.15738
6.09944
6.09336
6.0978
6.12708
6.07414
5.92952
5.99903
6.1342
5.96931
6.01164
5.95184
5.95147
5.95689
5.99826
6.06749
5.84896
5.82471
5.96156
6.09194
5.76332
5.84366
5.89957
5.89555
5.90031
5.8708
5.87712
5.76572
5.89282
5.66371
5.86615
5.85108
5.85444
5.78625
5.67988
5.50052
5.70477
5.48721
5.44062
5.42261
5.62089
5.55289
5.37124
5.62956
5.59762
5.51384
5.57387
5.69479
5.32319
5.6381
5.50654
5.61356
5.55962
5.49491
5.56398
5.56872
5.58668
8.10484
8.10541
8.18705
7.98599
8.08694
8.05099
8.0223
8.00174
8.04426
7.90151
7.92581
7.89107
7.89433
7.94236
7.96697
8.01898
7.95502
7.94305
7.82356
7.90421
7.94835
7.89918
7.85469
7.87352
7.94069
7.97334
7.95236
7.91818
7.93142
7.88239
7.8903
7.81611
7.84724
7.89802
7.92353
7.95007
7.94762
7.91796
7.97242
7.82102
7.92267
8.03403
7.89014
7.94291
7.86529
7.96904
7.83696
7.89674
7.9903
7.84564
7.90799
7.87926
7.83002
7.86945
7.85333
7.8779
7.95998
7.88643
7.79834
7.81079
7.81272
7.85878
7.85201
7.85291
7.85832
7.88925
7.8442
7.79841
7.88989
7.79219
7.80845
7.85181
7.86902
7.81272
7.78614
7.83493
7.86054
7.84846
7.73615
7.95073
7.78557
7.89333
7.74536
7.79303
7.83929
7.73408
7.77156
7.72764
7.83843
7.75647
7.76722
7.72662
7.80181
7.76101
7.70125
7.76746
7.78619
7.76717
7.81434
7.8932
7.69386
7.91878
7.88371
7.78275
7.67881
7.70878
7.73504
7.67297
7.78038
7.68327
7.87593
7.88795
7.80486
7.64533
7.81109
7.82868
7.85475
7.6814
7.62767
7.67259
7.79949
7.79971
7.60385
7.68365
7.72595
7.74463
7.86424
7.79385
7.6919
7.7748
7.86461
7.56429
7.81618
7.72477
7.79856
7.72781
7.77646
7.83453
7.76171
7.6669
7.80026
7.72956
7.79915
7.76933
7.59326
____________________________\n
7
117.566
61.3832
42.1167
31.5816
26.7817
22.3345
19.0994
16.8779
16.5482
14.9691
13.6635
12.3423
11.5883
10.8981
10.1001
9.59351
9.12735
8.51999
9.39225
9.20493
8.85715
8.51212
8.02024
7.77875
7.16435
7.23114
7.00999
6.68227
6.54113
6.33566
6.19654
5.82853
5.71598
5.52176
5.42907
5.23396
5.1119
4.91837
4.88293
4.8784
4.64421
4.63851
5.71985
5.65545
5.46894
5.39882
5.24823
5.25889
5.08021
4.96839
4.9258
4.89142
4.77532
4.66019
4.69401
4.49975
4.51457
4.33667
4.26199
4.24416
4.20903
4.04875
4.02712
3.8809
4.15378
4.09082
3.90454
3.76138
3.85108
3.83799
3.7575
3.78048
3.6885
3.69556
3.66509
3.57497
3.59257
3.683
3.51273
3.55998
3.43931
3.51853
3.56878
3.44502
3.35532
3.32646
3.36204
3.26323
3.32235
3.3436
3.35667
3.28938
3.2743
3.20874
3.2966
3.1483
3.16362
3.21134
3.12075
3.10967
3.08549
3.05239
3.13999
3.02372
3.05232
2.97635
2.96407
2.94992
2.96761
2.90402
2.97164
2.9252
2.98502
2.79341
2.89424
2.89707
2.85035
2.87739
2.94282
2.86424
2.81719
2.86349
2.68741
2.73817
2.8231
2.78142
2.78349
3.98344
3.96465
3.86683
3.87756
3.82797
3.78128
3.84134
3.79055
3.90232
3.90555
3.84596
3.8716
3.79333
3.81849
3.85897
3.72652
3.93641
3.79877
4.01271
3.8155
3.82509
3.7839
3.80568
3.77376
3.78951
3.77562
3.85733
3.74815
3.83406
3.77955
3.82377
3.71506
3.7115
3.76769
3.77373
3.71106
3.79692
3.79605
3.74726
3.84301
3.70009
3.71862
3.76231
3.7346
3.83746
3.83872
3.80817
3.7258
3.76294
3.76949
3.76251
3.78581
3.68307
3.72012
3.65395
3.7584
3.8251
3.69303
3.64322
3.6596
3.72551
3.69031
3.61624
3.61802
3.5592
3.65629
3.60575
3.63894
3.63233
3.61928
3.5878
3.61861
3.67425
3.59968
3.6065
3.5437
3.54528
3.53974
3.55553
3.56243
3.53839
3.5057
3.60688
3.63808
3.54366
3.55784
3.54868
3.52286
3.45272
3.50512
3.46989
3.52705
3.558
3.45434
3.56912
3.48805
3.4651
3.42637
3.44776
3.41356
3.39532
3.45827
3.40609
3.45436
3.46851
3.46048
3.41688
3.42769
3.41299
3.44583
3.43791
3.39956
3.37709
3.39467
3.39428
3.39629
3.37181
3.40869
3.32109
3.32953
3.34703
3.332
3.30996
3.31132
3.34865
3.32486
3.32254
3.30383
3.37929
3.30611
3.2582
3.32102
3.33022
3.33568
3.35819
3.31083
3.2741
3.27358
3.27755
3.28581
3.27549
3.27511
3.27802
3.22701
3.27744
____________________________\n
8
56.2891
29.1661
20.0511
14.6104
11.9068
10.5412
9.15447
7.76083
7.13862
6.25213
5.85068
5.4419
5.04075
4.68988
4.48618
4.12635
3.98732
3.73251
3.49187
3.47104
3.29656
3.22748
3.03691
2.99276
2.79641
2.71162
2.5991
2.59611
2.57098
2.56066
2.36819
2.37455
2.17033
2.1604
2.19138
2.10756
1.95166
2.03524
1.97637
1.94052
1.84366
1.89336
1.74411
1.81807
1.60822
1.58461
1.7761
1.5415
1.53744
1.55856
1.51299
1.45859
1.50294
1.54441
1.49105
1.46214
1.48138
1.33816
1.2917
1.31398
1.34263
1.29419
1.30316
1.3604
1.25897
1.32914
1.2704
1.29121
1.243
1.30816
1.25915
1.35295
1.2148
1.17017
1.29191
1.2371
1.15757
1.1864
1.16546
1.16814
1.23155
1.14968
1.20256
1.1176
1.12322
1.1234
1.10019
1.14258
1.1167
1.19747
1.08557
1.06118
1.07044
1.0778
1.13874
1.05078
1.08266
1.02307
1.06433
1.07512
1.05539
1.06444
1.05285
1.07927
1.06636
1.03278
1.06461
1.03464
0.984951
1.03527
1.054
0.98387
1.02384
1.0253
1.00419
0.977304
0.893946
0.887229
1.03218
0.907761
0.984194
0.951345
0.920445
0.931101
0.944487
0.920794
0.963274
0.916702
0.905778
0.912418
0.850996
0.882761
0.858394
0.858898
0.844761
0.909648
0.845439
0.905535
0.837363
0.866861
0.850454
0.864634
0.887325
0.866846
0.865257
0.842587
0.82827
0.865785
0.846681
0.82687
0.830209
0.820999
0.845408
0.776233
0.836098
0.793044
0.824079
0.796932
0.767185
0.828924
0.816515
0.792128
0.795312
0.816232
0.789708
0.789555
0.79535
0.801675
0.747584
0.793657
0.757471
0.77629
0.793724
0.788584
0.789822
0.797709
0.826443
0.810179
0.774963
0.822234
0.798454
0.802156
0.780456
0.740244
0.789973
0.76277
0.806966
0.775701
0.794024
0.757953
0.776938
0.748914
0.788533
0.731713
0.771277
0.751689
0.737951
0.766945
0.730067
0.761601
0.74054
0.780684
0.779012
0.776604
0.74469
0.794178
0.798776
0.769557
0.818278
0.792656
0.719445
0.718196
0.790611
0.798331
0.731461
0.736715
0.776564
0.72697
0.751545
0.770558
0.77832
0.759569
0.765795
0.750179
0.794632
0.721709
0.776324
0.760567
0.778601
0.755073
0.731697
0.731884
0.79964
0.728628
0.747777
0.750505
0.784383
0.722468
0.758546
0.794632
0.772678
0.805882
0.781459
0.805339
0.746798
0.750053
0.756595
0.771513
0.756958
0.782536
0.729875
0.768992
0.829422
0.711032
0.778942
0.7652
0.773129
0.7615
0.775842
0.782331
0.806669
0.781613
0.775384
0.774628
0.762611
0.766806
0.746853
0.878704
0.76916
0.817819
0.751065
0.852368
____________________________\n
9
62.8023
31.4461
21.694
15.823
12.9524
11.018
9.99232
8.22842
7.69659
7.06
6.28882
5.97489
5.13771
5.2703
4.9681
4.63293
4.45056
4.35847
3.97433
3.81626
3.69959
3.53926
3.42093
3.28268
3.20708
3.16136
2.98896
2.98394
2.81933
2.65124
2.70548
2.74
2.65865
2.62835
2.53135
2.52397
2.47957
2.33913
2.27711
2.31694
2.30629
2.31143
2.17714
2.16248
2.17098
2.10656
2.01238
2.0491
1.8728
1.9297
1.9587
1.96832
1.83732
1.90586
1.82585
1.91039
1.79076
1.76978
1.77406
1.8547
1.77422
1.7826
1.77022
1.79818
1.8163
1.73157
1.75775
1.57324
1.65678
1.70444
1.66437
1.83337
1.68826
1.74342
1.69276
1.57537
1.70121
1.74134
1.74199
1.66726
1.58468
1.58285
1.57478
1.56513
1.6036
1.52011
1.52423
1.71043
1.69118
1.63048
1.64863
1.47581
1.70428
1.66035
1.61051
1.63837
1.66083
1.63373
1.57569
1.45239
1.73395
1.69905
1.58365
1.55809
1.6223
1.43949
1.61497
1.36431
1.51887
1.49875
1.34046
1.66413
1.40251
1.87071
1.68017
1.40796
1.64622
1.54781
1.48506
1.40886
1.64607
1.46255
1.56171
1.51643
1.47354
1.49913
1.51856
1.72586
1.50808
1.50539
1.64633
1.59141
1.77806
1.58645
1.6488
1.66853
1.39351
1.42696
1.49436
1.36617
1.57521
1.71782
1.6793
1.43257
1.51336
1.51234
1.62851
1.48787
1.3917
1.64138
1.57659
1.71017
1.51502
1.64511
1.51961
1.67445
1.63252
1.64272
1.61819
1.48759
1.63734
1.60708
1.68509
1.59297
1.36883
1.55615
1.55849
1.6682
1.76189
1.66309
1.68195
1.47778
1.59324
1.64306
1.3258
1.64489
1.38752
1.6823
1.5234
1.74136
1.59073
1.556
1.76906
1.46539
1.75688
slurmstepd: error: *** JOB 947295 ON c455-003 CANCELLED AT 2018-03-15T21:51:14 DUE TO TIME LIMIT ***
