64.2183
33.4458
22.9948
18.8381
13.7165
12.0739
10.9131
9.70525
8.33068
7.39577
6.42226
5.81774
5.79878
5.45299
5.18688
4.87033
4.62124
4.33998
4.01596
3.72546
3.65843
3.60244
3.47156
3.20083
3.21454
3.17002
3.1138
2.94049
2.82979
2.82374
2.63743
2.65715
2.48169
2.48576
2.43523
2.40142
2.31804
2.24733
2.20045
2.20323
2.18728
2.08082
1.9689
1.91528
1.98051
1.91754
1.8051
1.781
1.79928
1.68191
1.66313
1.78429
1.70319
1.74317
1.67336
1.56169
1.62342
1.5422
1.47415
1.57657
1.44002
1.54096
1.44475
1.45625
1.46463
1.46039
1.41909
1.48736
1.46584
1.42731
1.37359
1.34716
1.33963
1.36409
1.33297
1.38877
1.31836
1.33867
1.37927
1.35156
1.28992
1.36503
1.20273
1.30854
1.29212
1.26069
1.31271
1.29383
1.26905
1.32035
1.20573
1.26741
1.185
1.20967
1.24385
1.19599
1.17004
1.28899
1.27054
1.2295
1.24675
1.16226
1.21528
1.20803
1.19551
1.21647
1.15676
1.24477
1.19099
1.20337
1.12985
1.16837
1.11443
1.07346
1.10532
1.16078
1.10082
1.11012
1.10403
1.08867
1.10372
1.00949
1.01397
1.01665
1.09899
1.06972
1.05076
0.957651
0.98444
1.01836
1.00589
1.01473
0.942308
1.02315
1.00687
0.978105
0.95419
0.966937
0.96402
0.96333
0.94737
0.993771
0.971531
0.943707
0.986867
0.964322
0.930975
0.950684
0.975722
0.948568
0.97292
0.930907
0.914479
0.965601
0.956716
0.942141
0.944627
0.934336
0.957652
0.920621
0.907876
0.926572
0.945183
0.929368
0.946192
0.936147
0.893853
0.935431
0.883376
0.919533
0.900976
0.900153
0.914979
0.924307
0.948407
0.934703
0.875665
0.909296
0.847171
0.876882
0.89744
0.884921
0.853918
0.91185
0.876284
0.880566
0.899028
0.890857
0.846099
0.864831
0.842159
0.838234
0.902412
0.877791
0.87397
0.871472
0.847071
0.887529
0.856834
0.900951
0.887489
0.870033
0.888887
0.882159
0.837265
0.838907
0.842576
0.842614
0.852836
0.827519
0.871777
0.862595
0.83888
0.883953
0.860073
0.878684
0.835081
0.810979
0.825683
0.852351
0.839942
0.823767
0.828949
0.842482
0.865862
0.831687
0.851878
0.833641
0.864267
0.846551
0.869304
0.83494
0.795231
0.818371
0.837548
0.805228
0.81963
0.864045
0.826742
0.853944
0.831186
0.861582
0.854279
0.86697
0.855814
0.839776
0.820628
0.872754
0.840565
0.787624
0.782204
0.819135
0.838519
0.851821
0.831682
0.816216
0.862179
0.84053
0.855733
0.793842
0.831775
0.867875
0.83308
0.777663
0.838918
0.828676
0.817203
0.867422
0.84774
0.853918
0.846022
0.900815
