43.3025
22.3678
14.9136
11.1978
8.96239
7.45693
6.43494
5.60324
5.1228
4.68258
4.28828
3.9799
3.74329
3.46794
3.28982
3.12502
2.97853
2.82781
2.7628
2.6274
2.44045
2.38793
2.08046
2.23466
2.14285
2.02636
1.97833
2.05624
1.96279
1.91207
1.80116
1.7201
1.73669
1.61436
1.64136
1.49319
1.57023
1.53947
1.52834
1.48388
1.33682
1.24121
1.26985
1.36336
1.30614
1.16274
1.23029
1.3306
1.13154
1.22717
1.11512
1.17826
1.06879
1.17766
1.22303
1.08896
1.18151
1.0519
1.07314
0.986392
1.06191
1.02232
1.03123
1.02215
1.04968
0.94611
0.981321
0.930794
1.00587
0.943916
0.899725
0.95764
0.945679
0.920644
0.941664
0.947922
0.887196
0.994476
0.866154
0.851773
0.925366
0.874703
0.884803
0.848665
0.896195
0.823716
0.839431
0.748425
0.85552
0.811445
0.781055
0.856497
0.895778
0.765987
0.827608
0.810852
0.802226
0.827068
0.861633
0.700981
0.89957
0.75433
0.807786
0.753385
0.884936
0.756161
0.771728
0.751975
0.757135
0.827339
0.779358
0.780251
0.710137
0.866426
0.65764
0.784477
0.771208
0.756806
0.835711
0.889428
0.833865
0.712943
0.754224
0.827788
0.784183
0.698396
0.675139
0.783768
0.764816
0.693821
0.702204
0.845413
0.67424
0.741911
0.695152
0.838076
0.728717
0.760826
0.789479
0.715966
0.749863
0.683908
0.739659
0.874704
0.791737
0.746527
0.743399
0.7916
0.80811
0.731495
0.74119
0.786687
0.742215
0.810472
0.76847
1.00282
0.731354
0.756653
0.780645
0.624536
0.878211
0.799108
0.729044
0.809004
0.689868
0.907697
0.814984
0.712265
0.809065
0.692876
0.824825
0.729526
0.89563
0.821349
0.822255
0.857054
0.802788
0.711807
0.801942
0.744014
0.783728
0.680525
0.765067
0.882871
0.83747
0.676732
0.726911
0.776283
0.7382
0.732867
0.74578
0.74718
0.697361
0.736376
0.725999
0.726083
0.693402
0.763472
0.643715
0.772717
0.656361
0.799281
0.782471
0.784993
0.682573
0.802223
0.866056
0.749939
0.816356
0.79974
0.665931
0.740517
0.743105
0.871192
0.838341
0.787085
0.69972
0.735947
0.778946
0.797776
0.819711
0.846576
0.782082
0.763102
0.739948
0.928567
0.76677
0.826763
0.756594
0.720292
0.791764
0.890176
0.757646
0.729558
0.758344
0.780273
0.837365
0.757901
0.776662
0.765225
0.741657
0.813909
0.757635
0.922852
0.805468
0.826367
0.798238
0.836754
0.806339
0.771665
0.761396
0.827708
0.680316
0.738095
0.777038
0.778629
0.718249
0.762178
0.775265
0.798246
0.827886
0.769664
0.785871
0.849902
0.817121
0.787177
0.848149
0.946898
0.855251
0.823537
0.826062
0.808451
____________________________\n
