2
67.1898
36.8984
25.5592
18.9387
18.2843
13.4973
12.5127
10.694
10.0494
10.5008
9.8757
8.11432
7.78819
7.59334
8.23418
6.90681
6.78644
6.75162
6.27844
6.88145
6.77027
7.09306
6.37189
5.91416
5.81457
5.81289
5.45843
6.10864
5.50262
5.54728
5.20696
5.40508
5.20959
5.2869
5.4057
5.27046
5.17611
5.01367
4.82413
4.98271
5.05296
5.05294
4.87247
4.81043
4.74417
4.72111
4.71444
4.53885
4.67763
4.65629
4.59794
4.65848
4.5572
4.54779
4.50577
4.45633
4.48365
4.46953
4.48217
4.37312
4.3212
4.30417
4.30938
4.27552
4.21751
4.20373
4.1566
4.18609
4.19723
4.18818
4.21891
4.18242
4.17247
4.1196
4.12745
4.10347
4.08761
4.04392
4.05454
4.0853
4.04917
4.04238
3.98002
4.00939
4.00057
3.98995
3.95843
3.96877
3.92687
3.95942
3.92305
3.91187
3.92868
3.92856
3.86095
3.8585
3.81496
3.87599
3.79978
3.80997
3.81927
3.80112
3.78033
3.79651
3.7519
3.73282
3.79466
3.72535
3.70296
3.70313
3.6785
3.71935
3.67221
3.65878
3.6305
3.64985
3.68618
3.63455
3.65496
3.68106
3.61694
3.62031
3.6448
3.71232
3.65359
3.58742
3.61573
3.55038
3.59739
3.51929
3.51772
3.53044
3.55782
3.5191
3.60355
3.50031
3.54812
3.55601
3.54163
3.49641
3.4967
3.47659
3.56594
3.47226
3.54781
3.5135
3.55784
3.46655
3.5927
3.54336
3.47321
3.4963
3.50897
3.53623
3.48387
3.49028
3.50889
3.5188
3.44463
3.43175
3.46011
3.40995
3.50046
3.52786
3.54769
3.42969
3.5047
3.43742
3.45927
3.44793
3.43461
3.42706
3.45263
3.4887
3.53138
3.42416
3.54751
3.55413
3.51473
3.53628
3.49034
3.47701
3.46578
3.46707
3.46277
3.53023
3.49406
3.53241
3.51722
3.41921
3.48983
3.43068
3.44102
3.50119
3.54692
3.54033
3.45922
3.59902
3.42525
3.5132
3.45395
3.50696
3.38602
3.48791
3.44224
3.43543
3.51559
3.49705
3.63087
3.46749
3.49677
3.55032
3.41291
3.40015
3.49031
3.46917
3.55013
3.43269
3.49693
3.56158
3.48206
3.58674
3.48334
3.65538
3.52524
3.56031
3.4618
3.57524
3.47647
3.62413
3.50562
3.52506
3.59277
3.54066
3.45093
3.61948
3.66269
3.61406
3.64367
3.56986
3.736
3.5754
3.68877
3.59854
3.67383
3.72517
3.61149
3.58732
3.53028
3.54574
3.53229
3.63198
3.5661
3.58674
3.6687
3.57856
3.72899
3.76982
3.66903
3.68093
3.70394
3.6589
3.69824
3.704
3.5514
3.63635
3.59197
3.70632
3.78322
3.79965
3.80381
3.76393
____________________________\n
3
116.601
80.7026
78.7116
71.265
75.442
71.0009
69.891
69.3215
75.6189
73.3374
72.4202
72.2666
75.2558
71.1048
73.9953
71.2337
72.129
70.5827
78.1574
76.9909
76.2806
77.1875
77.3751
77.4766
75.7957
77.756
77.6234
78.6688
77.5348
slurmstepd: error: *** JOB 945659 ON c455-052 CANCELLED AT 2018-03-15T16:30:51 DUE TO TIME LIMIT ***
